NOT--- 0
NAND--- 0
AND--- 0
OR--- 1
XOR--- 1
MUX--- 0
DMUX--- (1, 0)
NOT16--- [0, 1, 0, 1, 0, 1, 0, 1, 0, 1, 0, 1, 0, 1, 0, 1]
AND16--- [0, 0, 0, 0, 0, 0, 0, 0, 0, 0, 0, 0, 0, 0, 0, 0]
OR16--- [1, 1, 1, 1, 1, 1, 1, 1, 1, 1, 1, 1, 1, 1, 1, 1]
MUX16--- [1, 0, 1, 0, 1, 0, 1, 0, 1, 0, 1, 0, 1, 0, 1, 0]
MUX16--- [0, 1, 0, 1, 0, 1, 0, 1, 0, 1, 0, 1, 0, 1, 0, 1]
OR8Way--- 1
MUX4Way16--- [1, 0, 1, 0, 1, 0, 1, 0, 1, 0, 1, 0, 1, 0, 1, 0]
MUX8Way16--- [0, 0, 0, 0, 0, 0, 0, 0, 0, 0, 0, 0, 0, 0, 0, 0]
DMUX4Way--- (0, 0, 1, 0)
DMUX8Way--- (0, 0, 0, 0, 0, 1, 0, 0)